0
282
1
297
2
282
3
1181
4
282
5
297
6
301
7
298
8
299
9
301
10
281
11
297
12
297
13
296
14
299
15
299
16
298
17
297
18
69
19
70
20
69
21
69
22
68
23
69
24
67
25
67
26
66
27
68
28
68
29
66
30
66
31
67
32
66
33
66
34
67
35
67
36
67
37
66
38
67
39
66
40
68
41
67
42
67
43
69
44
68
45
68
46
67
47
67
48
67
49
66
50
65
51
66
52
68
53
67
54
67
55
68
56
67
57
67
58
66
59
66
60
66
61
66
62
66
63
67
64
68
65
68
66
68
67
68
68
68
69
67
70
66
71
68
72
66
73
68
74
68
75
66
76
65
77
68
78
68
79
68
80
67
81
68
82
69
83
67
84
67
85
68
86
68
87
67
88
67
89
297
90
297
91
297
92
281
93
280
94
296
95
279
96
280
97
279
98
280
99
279
100
282
101
280
102
281
103
279
104
278
105
279
106
280
107
280
108
280
109
279
110
279
111
281
112
279
113
281
114
280
115
281
116
279
117
280
118
279
119
279
120
278
121
280
122
279
123
280
124
279
125
279
126
279
127
280
128
280
129
280
130
296
131
296
132
296
133
296
134
296
135
296
136
297
137
297
138
297
139
297
140
297
141
297
142
297
143
298
144
298
145
299
146
1180
147
1181
148
1181
149
1180
150
1181
151
1180
152
1180
153
1181
154
1180
155
1181
156
1180
157
614
158
1180
159
1181
160
405
161
1180
162
1180
163
1181
164
406
165
406
166
1180
167
1181
168
1180
169
1181
170
1181
171
1180
172
1181
173
1180
174
1180
175
1181
176
407
177
1180
178
1181
179
1180
Cycle Complete
